20 20
1 7 2 7 3 2 4 3 7 7 7 7 2 3 5 7 7 7 5 3
1 0 2 0 3 2 4 3 0 0 7 0 2 3 5 0 0 0 5 3
1 0 2 0 3 2 4 3 0 0 7 0 2 3 5 0 0 0 5 3
2 2 2 2 3 2 2 3 2 2 7 2 2 2 5 2 2 2 5 2
1 0 2 0 3 2 4 3 0 0 7 0 2 3 5 0 0 0 5 3
3 3 3 3 3 3 3 3 3 3 3 3 3 3 3 3 3 3 5 3
1 0 2 0 3 2 4 3 0 0 7 0 2 3 5 0 0 0 5 3
1 2 2 2 3 2 2 3 2 2 7 2 2 2 5 2 2 2 5 2
3 3 3 3 3 2 3 3 3 3 3 3 3 3 3 3 3 3 5 3
1 0 2 0 3 2 4 3 0 0 7 0 2 3 5 0 0 0 5 3
1 0 2 0 3 2 4 3 0 0 7 0 2 3 5 0 0 0 5 3
1 0 2 0 3 2 4 3 0 0 7 0 2 3 5 0 0 0 5 3
1 0 2 0 3 2 4 3 0 0 7 0 2 3 5 0 0 0 5 3
1 0 2 0 3 2 4 3 0 0 7 0 2 3 5 0 0 0 5 3
1 5 5 5 3 2 4 3 5 5 7 5 2 5 5 5 5 5 5 3
1 0 2 0 3 2 4 3 0 0 7 0 2 3 5 0 0 0 5 3
1 0 2 0 3 2 4 3 0 0 7 0 2 3 5 0 0 0 5 3
1 7 7 7 3 2 4 3 7 7 7 7 2 3 5 7 7 7 5 3
1 0 2 0 3 2 4 3 0 0 7 0 2 3 5 0 0 0 5 3
1 0 2 0 3 2 4 3 0 0 7 0 2 3 5 0 0 0 5 3
